[1,0,0,[["cc.Skeleton",["_name","_hash","_joints","_bindposes"],0,12]],[[0,0,1,2,3,4]],[[0,"Skin-0",1706767180,["RootNode/stand/mixamorig_Hips/mixamorig_LeftUpLeg/mixamorig_LeftLeg/mixamorig_LeftFoot/mixamorig_LeftToeBase","RootNode/stand/mixamorig_Hips/mixamorig_LeftUpLeg/mixamorig_LeftLeg","RootNode/stand/mixamorig_Hips/mixamorig_LeftUpLeg/mixamorig_LeftLeg/mixamorig_LeftFoot","RootNode/stand/mixamorig_Hips/mixamorig_LeftUpLeg","RootNode/stand/mixamorig_Hips","RootNode/stand/mixamorig_Hips/mixamorig_Spine/mixamorig_Spine1/mixamorig_Spine2/mixamorig_LeftShoulder","RootNode/stand/mixamorig_Hips/mixamorig_Spine/mixamorig_Spine1/mixamorig_Spine2/mixamorig_LeftShoulder/mixamorig_LeftArm","RootNode/stand/mixamorig_Hips/mixamorig_Spine/mixamorig_Spine1/mixamorig_Spine2","RootNode/stand/mixamorig_Hips/mixamorig_Spine/mixamorig_Spine1/mixamorig_Spine2/mixamorig_LeftShoulder/mixamorig_LeftArm/mixamorig_LeftForeArm","RootNode/stand/mixamorig_Hips/mixamorig_Spine/mixamorig_Spine1/mixamorig_Spine2/mixamorig_LeftShoulder/mixamorig_LeftArm/mixamorig_LeftForeArm/mixamorig_LeftHand","RootNode/stand/mixamorig_Hips/mixamorig_RightUpLeg","RootNode/stand/mixamorig_Hips/mixamorig_Spine","RootNode/stand/mixamorig_Hips/mixamorig_Spine/mixamorig_Spine1/mixamorig_Spine2/mixamorig_Neck","RootNode/stand/mixamorig_Hips/mixamorig_Spine/mixamorig_Spine1","RootNode/stand/mixamorig_Hips/mixamorig_Spine/mixamorig_Spine1/mixamorig_Spine2/mixamorig_Neck/mixamorig_Head","RootNode/stand/mixamorig_Hips/mixamorig_RightUpLeg/mixamorig_RightLeg","RootNode/stand/mixamorig_Hips/mixamorig_RightUpLeg/mixamorig_RightLeg/mixamorig_RightFoot","RootNode/stand/mixamorig_Hips/mixamorig_RightUpLeg/mixamorig_RightLeg/mixamorig_RightFoot/mixamorig_RightToeBase","RootNode/stand/mixamorig_Hips/mixamorig_Spine/mixamorig_Spine1/mixamorig_Spine2/mixamorig_RightShoulder","RootNode/stand/mixamorig_Hips/mixamorig_Spine/mixamorig_Spine1/mixamorig_Spine2/mixamorig_RightShoulder/mixamorig_RightArm","RootNode/stand/mixamorig_Hips/mixamorig_Spine/mixamorig_Spine1/mixamorig_Spine2/mixamorig_RightShoulder/mixamorig_RightArm/mixamorig_RightForeArm","RootNode/stand/mixamorig_Hips/mixamorig_Spine/mixamorig_Spine1/mixamorig_Spine2/mixamorig_RightShoulder/mixamorig_RightArm/mixamorig_RightForeArm/mixamorig_RightHand"],[[[7,-0.9905325174331665,0.13727445900440216,-0.0010019572218880057,0,-0.003316942136734724,-0.016636205837130547,0.9998561143875122,0,0.1372380405664444,0.990393340587616,0.01693403348326683,0,0.1694079488515854,-0.041814517229795456,-0.034475646913051605,1],[7,-0.9997752904891968,-0.02119360864162445,-0.00031642901012673974,0,0.02119567058980465,-0.9997292160987854,-0.009604910388588905,0,-0.00011278058809693903,-0.009609458968043327,0.9999538064002991,0,0.16586783528327942,0.24511639773845673,0.0006327522569335997,1],[7,-0.940166175365448,0.34032419323921204,-0.01633954420685768,0,0.016659842804074287,0.09381707012653351,0.9954500198364258,0,0.34030866622924805,0.9356161952018738,-0.09387338161468506,0,0.15617592632770538,-0.0594867579638958,-0.029585784301161766,1],[7,-0.9998134970664978,-0.019308265298604965,-6.896598091235861e-18,0,0.019307991489768028,-0.9997994303703308,0.005320850294083357,0,-0.00010273639782099053,0.005319858901202679,0.9999858736991882,0,0.16633030772209167,0.5646489262580872,-0.0030265955720096827,1],[7,1,2.2763932909276895e-20,-1.5225417226896049e-19,0,-2.2763913522231288e-20,1,1.3315805347247078e-7,0,1.5225417226896049e-19,-1.3315805347247078e-7,1,0,1.387929580976993e-20,-0.6511419415473938,0.0017892627511173487,1],[7,0.0007048441912047565,0.958156406879425,-0.28624415397644043,0,0.0004950457951053977,-0.28624454140663147,-0.958156406879425,0,-0.9999995827674866,0.0005336470203474164,-0.0006760891410522163,0,-0.002111822832375765,0.28049471974372864,1.399706244468689,1],[7,0.0032285614870488644,0.9974358677864075,-0.07149254530668259,0,-0.00025890491087920964,-0.07149208337068558,-0.9974410533905029,0,-0.999994695186615,0.0032388099934905767,0.000027424444851931185,0,-0.0020981982816010714,-0.2987005412578583,1.3674730062484741,1],[7,1,1.8151092368715312e-20,-1.5225413349486927e-19,0,-1.8226425581181592e-20,0.9999998211860657,-0.000494818261358887,0,1.5224515083040483e-19,0.000494818261358887,0.9999998211860657,0,2.2608843006771738e-20,-1.2180030345916748,0.002111546229571104,1],[7,0.0019745039753615856,0.9999979734420776,0.00028346528415568173,0,-0.0001690192148089409,0.0002837995416484773,-0.9999998807907104,0,-0.9999979734420776,0.001974456012248993,0.00016957923071458936,0,-0.001358994864858687,-0.6845744252204895,1.3217463493347168,1],[7,0.0019745039753615856,0.9999979734420776,0.00028346528415568173,0,-0.0001690192148089409,0.00028379957075230777,-0.9999998807907104,0,-0.9999979734420776,0.001974456012248993,0.00016957923071458936,0,-0.001358994864858687,-0.9437035918235779,1.3217463493347168,1],[7,-0.9998134970664978,0.019308090209960938,-1.162140205135047e-17,0,-0.019307639449834824,-0.9997903108596802,-0.006819110829383135,0,-0.00013166401186026633,-0.006817839574068785,0.9999766945838928,0,-0.166330024600029,0.5646696090698242,0.00006601668428629637,1],[7,1,-2.7604333744408656e-21,-1.5225414641956634e-19,0,2.6850951132647926e-21,0.9999998211860657,-0.0004948179703205824,0,1.5225549058806174e-19,0.0004948179703205824,0.9999998211860657,0,-2.480979209439705e-21,-0.8131014704704285,0.0021115459967404604,1],[7,1,-6.2692725444765046e-21,1.0913536658689082e-19,0,6.2692580041922995e-21,1,1.3315805347247078e-7,0,-1.0913536658689082e-19,-1.3315805347247078e-7,1,0,-9.527848381742938e-21,-1.460944652557373,0.0013884496875107288,1],[7,1,-5.200995036655195e-21,-1.5225414641956634e-19,0,5.125656169633947e-21,0.9999998211860657,-0.000494818261358887,0,1.522567184342835e-19,0.000494818261358887,0.9999998211860657,0,-5.52313664880485e-21,-1.0020555257797241,0.002111546229571104,1],[7,1,-6.269270524992587e-21,-1.107537066812596e-19,0,6.269285469173576e-21,1,1.3315805347247078e-7,0,1.107537066812596e-19,-1.3315805347247078e-7,1,0,-1.0202469909036052e-20,-1.5921489000320435,0.00799461267888546,1],[7,-0.9997753500938416,0.021193617954850197,0.000058126919611822814,0,-0.02119320258498192,-0.9997296929359436,-0.009561056271195412,0,-0.00014452217146754265,-0.009560140781104565,0.9999542832374573,0,-0.16586802899837494,0.24511487782001495,0.0007382840267382562,1],[7,0.15169158577919006,-0.9541212320327759,0.2581518590450287,0,0.012667051516473293,0.2630292773246765,0.9647046327590942,0,-0.9883466958999634,-0.14306756854057312,0.051985230296850204,0,0.024446239694952965,-0.1675395667552948,0.01174245122820139,1],[7,0.25801146030426025,-0.9600802659988403,-0.1080552190542221,0,-0.01698840595781803,-0.11633303016424179,0.9930649399757385,0,-0.9659925103187561,-0.25438645482063293,-0.04632548615336418,0,0.0439445786178112,-0.16295896470546722,-0.05291491746902466,1],[7,-0.0004089803551323712,-0.958156406879425,0.28624477982521057,0,-0.0004950428265146911,-0.28624460101127625,-0.958156406879425,0,0.9999998211860657,-0.000533570593688637,-0.00035726005444303155,0,0.0021118195727467537,0.2804933190345764,1.3997067213058472,1],[7,0.007021648809313774,-0.9974157214164734,0.07150112837553024,0,0.0017248328076675534,-0.07149070501327515,-0.9974398016929626,0,0.9999738335609436,0.00712699955329299,0.0012183928629383445,0,0.0020716728176921606,-0.29868677258491516,1.367476463317871,1],[7,-0.004135534167289734,-0.9999914169311523,-0.000287550879875198,0,0.0009250549483112991,0.0002837275678757578,-0.9999995231628418,0,0.9999909996986389,-0.004135798197239637,0.0009238736820407212,0,-0.0045048329047858715,-0.6845684051513672,1.3217425346374512,1],[7,-0.004135534167289734,-0.9999914169311523,-0.000287550879875198,0,0.0009250549483112991,0.0002837275678757578,-0.9999995231628418,0,0.9999909996986389,-0.004135798197239637,0.0009238736820407212,0,-0.0045048329047858715,-0.9436992406845093,1.3217425346374512,1]],8,8,8,8,8,8,8,8,8,8,8,8,8,8,8,8,8,8,8,8,8,8]]],0,0,[],[],[]]
